   0.0000000000000000           138.30000000000001     
   1.1999999999999999E-003      138.06619425543943     
   2.3999999999999998E-003      137.83278377571025     
   3.5999999999999995E-003      137.59976789258994     
   4.7999999999999996E-003      137.36714593898552     
   6.0000000000000001E-003      137.13491724893180     
   7.1999999999999989E-003      136.90308115758947     
   8.4000000000000012E-003      136.67163700124320     
   9.5999999999999992E-003      136.44058411729964     
   1.0799999999999999E-002      136.20992184428570     
   1.2000000000000000E-002      135.97964952184648     
   1.3200000000000000E-002      135.74976649074350     
   1.4399999999999998E-002      135.52027209285271     
   1.5599999999999999E-002      135.29116567116270     
   1.6800000000000002E-002      135.06244656977285     
   1.7999999999999999E-002      134.83411413389129     
   1.9199999999999998E-002      134.60616770983313     
   2.0399999999999998E-002      134.37860664501861     
   2.1599999999999998E-002      134.15143028797121     
   2.2800000000000001E-002      133.92463798831577     
   2.4000000000000000E-002      133.69822909677660     
   2.5200000000000000E-002      133.47220296517571     
   2.6400000000000000E-002      133.24655894643081     
   2.7600000000000000E-002      133.02129639455367     
   2.8799999999999996E-002      132.79641466464807     
   2.9999999999999999E-002      132.57191311290805     
   3.1199999999999999E-002      132.34779109661602     
   3.2399999999999998E-002      132.12404797414101     
   3.3600000000000005E-002      131.90068310493669     
   3.4799999999999998E-002      131.67769584953973     
   3.5999999999999997E-002      131.45508556956773     
   3.7199999999999997E-002      131.23285162771762     
   3.8399999999999997E-002      131.01099338776370     
   3.9600000000000003E-002      130.78951021455580     
   4.0799999999999996E-002      130.56840147401763     
   4.2000000000000003E-002      130.34766653314475     
   4.3199999999999995E-002      130.12730476000289     
   4.4400000000000002E-002      129.90731552372614     
   4.5600000000000002E-002      129.68769819451504     
   4.6799999999999994E-002      129.46845214363492     
   4.8000000000000001E-002      129.24957674341402     
   4.9199999999999994E-002      129.03107136724168     
   5.0400000000000000E-002      128.81293538956655     
   5.1600000000000000E-002      128.59516818589486     
   5.2800000000000000E-002      128.37776913278859     
   5.3999999999999999E-002      128.16073760786364     
   5.5199999999999999E-002      127.94407298978813     
   5.6399999999999999E-002      127.72777465828058     
   5.7599999999999991E-002      127.51184199410814     
   5.8799999999999998E-002      127.29627437908482     
   5.9999999999999998E-002      127.08107119606969     
   6.1199999999999997E-002      126.86623182896517     
   6.2399999999999997E-002      126.65175566271522     
   6.3599999999999990E-002      126.43764208330359     
   6.4799999999999996E-002      126.22389047775208     
   6.6000000000000003E-002      126.01050023411877     
   6.7200000000000010E-002      125.79747074149626     
   6.8399999999999989E-002      125.58480139000996     
   6.9599999999999995E-002      125.37249157081628     
   7.0800000000000002E-002      125.16054067610094     
   7.1999999999999995E-002      124.94894809907720     
   7.3200000000000001E-002      124.73771323398415     
   7.4399999999999994E-002      124.52683547608495     
   7.5600000000000001E-002      124.31631422166514     
   7.6799999999999993E-002      124.10614886803081     
   7.8000000000000000E-002      123.89633881350704     
   7.9200000000000007E-002      123.68688345743600     
   8.0399999999999985E-002      123.47778220017535     
   8.1599999999999992E-002      123.26903444309652     
   8.2799999999999999E-002      123.06063958858289     
   8.4000000000000005E-002      122.85259704002821     
   8.5199999999999998E-002      122.64490620183481     
   8.6399999999999991E-002      122.43756647941193     
   8.7599999999999997E-002      122.23057727917400     
   8.8800000000000004E-002      122.02393800853893     
   8.9999999999999997E-002      121.81764807592647     
   9.1200000000000003E-002      121.61170689075647     
   9.2399999999999996E-002      121.40611386344713     
   9.3599999999999989E-002      121.20086840541349     
   9.4799999999999995E-002      120.99596992906557     
   9.6000000000000002E-002      120.79141784780673     
   9.7200000000000009E-002      120.58721157603206     
   9.8399999999999987E-002      120.38335052912663     
   9.9599999999999994E-002      120.17983412346386     
  0.10080000000000000           119.97666177640379     
  0.10199999999999999           119.77383290629152     
  0.10320000000000000           119.57134693245541     
  0.10439999999999999           119.36920327520555     
  0.10560000000000000           119.16740135583198     
  0.10679999999999999           118.96594059660312     
  0.10800000000000000           118.76482042076407     
  0.10920000000000001           118.56404025253497     
  0.11040000000000000           118.36359951710939     
  0.11159999999999999           118.16349764065265     
  0.11280000000000000           117.96373405030008     
  0.11400000000000000           117.76430817415563     
  0.11519999999999998           117.56521944128995     
  0.11639999999999999           117.36646728173898     
  0.11760000000000000           117.16805112650214     
  0.11880000000000000           116.96997040754086     
  0.12000000000000000           116.77222455777681     
  0.12119999999999999           116.57481301109041     
  0.12239999999999999           116.37773520231912     
  0.12359999999999999           116.18099056725580     
  0.12479999999999999           115.98457854264724     
  0.12600000000000000           115.78849856619236     
  0.12719999999999998           115.59275007654071     
  0.12840000000000001           115.39733251329086     
  0.12959999999999999           115.20224531698879     
  0.13079999999999997           115.00748792912624     
  0.13200000000000001           114.81305979213914     
  0.13319999999999999           114.61896034940609     
  0.13440000000000002           114.42518904524663     
  0.13560000000000000           114.23174532491971     
  0.13679999999999998           114.03862863462219     
  0.13800000000000001           113.84583842148704     
  0.13919999999999999           113.65337413358205     
  0.14040000000000000           113.46123521990796     
  0.14160000000000000           113.26942113039708     
  0.14279999999999998           113.07793131591160     
  0.14399999999999999           112.88676522824213     
  0.14520000000000000           112.69592232010599     
  0.14640000000000000           112.50540204514579     
  0.14759999999999998           112.31520385792776     
  0.14879999999999999           112.12532721394020     
  0.14999999999999999           111.93577156959199     
  0.15120000000000000           111.74653638221098     
  0.15240000000000001           111.55762111004243     
  0.15359999999999999           111.36902521224748     
  0.15479999999999999           111.18074814890157     
  0.15600000000000000           110.99278938099297     
  0.15719999999999998           110.80514837042118     
  0.15840000000000001           110.61782457999531     
  0.15959999999999999           110.43081747343278     
  0.16079999999999997           110.24412651535751     
  0.16200000000000001           110.05775117129852     
  0.16319999999999998           109.87169090768847     
  0.16440000000000002           109.68594519186198     
  0.16560000000000000           109.50051349205420     
  0.16679999999999998           109.31539527739925     
  0.16800000000000001           109.13059001792875     
  0.16919999999999999           108.94609718457028     
  0.17040000000000000           108.76191624914577     
  0.17160000000000000           108.57804668437014     
  0.17279999999999998           108.39448796384971     
  0.17399999999999999           108.21123956208071     
  0.17519999999999999           108.02830095444776     
  0.17640000000000000           107.84567161722237     
  0.17760000000000001           107.66335102756148     
  0.17879999999999999           107.48133866350588     
  0.17999999999999999           107.29963400397882     
  0.18120000000000000           107.11823652878445     
  0.18240000000000001           106.93714571860636     
  0.18359999999999999           106.75636105500604     
  0.18479999999999999           106.57588202042147     
  0.18600000000000000           106.39570809816560     
  0.18719999999999998           106.21583877242486     
  0.18840000000000001           106.03627352825771     
  0.18959999999999999           105.85701185159319     
  0.19079999999999997           105.67805322922933     
  0.19200000000000000           105.49939714883180     
  0.19319999999999998           105.32104309893249     
  0.19440000000000002           105.14299056892783     
  0.19560000000000000           104.96523904907752     
  0.19679999999999997           104.78778803050305     
  0.19800000000000001           104.61063700518612     
  0.19919999999999999           104.43378546596735     
  0.20039999999999999           104.25723290654470     
  0.20160000000000000           104.08097882147209     
  0.20279999999999998           103.90502270615791     
  0.20399999999999999           103.72936405686363     
  0.20519999999999999           103.55400237070231     
  0.20640000000000000           103.37893714563712     
  0.20760000000000001           103.20416788048009     
  0.20879999999999999           103.02969407489041     
  0.20999999999999999           102.85551522937318     
  0.21120000000000000           102.68163084527798     
  0.21240000000000001           102.50804042479731     
  0.21359999999999998           102.33474347096529     
  0.21479999999999999           102.16173948765621     
  0.21600000000000000           101.98902797958304     
  0.21719999999999998           101.81660845229615     
  0.21840000000000001           101.64448041218172     
  0.21959999999999999           101.47264336646050     
  0.22080000000000000           101.30109682318626     
  0.22200000000000000           101.12984029124446     
  0.22319999999999998           100.95887328035084     
  0.22440000000000002           100.78819530104995     
  0.22559999999999999           100.61780586471387     
  0.22679999999999997           100.44770448354066     
  0.22800000000000001           100.27789067055312     
  0.22919999999999999           100.10836393959727     
  0.23039999999999997           99.939123805341012     
  0.23160000000000000           99.770169783272735     
  0.23279999999999998           99.601501389699948     
  0.23400000000000001           99.433118141747869     
  0.23519999999999999           99.265019557358031     
  0.23639999999999997           99.097205155286957     
  0.23760000000000001           98.929674455104703     
  0.23879999999999998           98.762426977193542     
  0.23999999999999999           98.595462242746578     
  0.24120000000000000           98.428779773766379     
  0.24239999999999998           98.262379093063586     
  0.24359999999999998           98.096259724255546     
  0.24479999999999999           97.930421191765035     
  0.24600000000000000           97.764863020818723     
  0.24719999999999998           97.599584737445994     
  0.24839999999999998           97.434585868477498     
  0.24959999999999999           97.269865941543785     
  0.25079999999999997           97.105424485073996     
  0.25200000000000000           96.941261028294477     
  0.25319999999999998           96.777375101227506     
  0.25439999999999996           96.613766234689820     
  0.25559999999999999           96.450433960291349     
  0.25680000000000003           96.287377810433952     
  0.25800000000000001           96.124597318309895     
  0.25919999999999999           95.962092017900687     
  0.26039999999999996           95.799861443975601     
  0.26159999999999994           95.637905132090495     
  0.26280000000000003           95.476222618586320     
  0.26400000000000001           95.314813440587969     
  0.26519999999999999           95.153677136002798     
  0.26639999999999997           94.992813243519350     
  0.26759999999999995           94.832221302606058     
  0.26880000000000004           94.671900853509939     
  0.27000000000000002           94.511851437255274     
  0.27120000000000000           94.352072595642198     
  0.27239999999999998           94.192563871245525     
  0.27359999999999995           94.033324807413365     
  0.27479999999999999           93.874354948265804     
  0.27600000000000002           93.715653838693669     
  0.27720000000000000           93.557221024357176     
  0.27839999999999998           93.399056051684582     
  0.27959999999999996           93.241158467870960     
  0.28079999999999999           93.083527820876952     
  0.28199999999999997           92.926163659427289     
  0.28320000000000001           92.769065533009694     
  0.28439999999999999           92.612232991873498     
  0.28559999999999997           92.455665587028349     
  0.28680000000000000           92.299362870242945     
  0.28799999999999998           92.143324394043773     
  0.28920000000000001           91.987549711713768     
  0.29039999999999999           91.832038377291127     
  0.29159999999999997           91.676789945567918     
  0.29280000000000000           91.521803972088890     
  0.29399999999999998           91.367080013150172     
  0.29519999999999996           91.212617625798018     
  0.29640000000000000           91.058416367827519     
  0.29759999999999998           90.904475797781330     
  0.29880000000000001           90.750795474948404     
  0.29999999999999999           90.597374959362810     
  0.30119999999999997           90.444213811802385     
  0.30240000000000000           90.291311593787427     
  0.30359999999999998           90.138667867579642     
  0.30480000000000002           89.986282196180639     
  0.30599999999999999           89.834154143330906     
  0.30719999999999997           89.682283273508389     
  0.30839999999999995           89.530669151927370     
  0.30959999999999999           89.379311344537086     
  0.31080000000000002           89.228209418020640     
  0.31200000000000000           89.077362939793673     
  0.31319999999999998           88.926771478003133     
  0.31439999999999996           88.776434601526020     
  0.31559999999999999           88.626351879968212     
  0.31680000000000003           88.476522883663165     
  0.31800000000000000           88.326947183670782     
  0.31919999999999998           88.177624351776046     
  0.32039999999999996           88.028553960487898     
  0.32159999999999994           87.879735583037970     
  0.32280000000000003           87.731168793379382     
  0.32400000000000001           87.582853166185544     
  0.32519999999999999           87.434788276848877     
  0.32639999999999997           87.286973701479639     
  0.32759999999999995           87.139409016904693     
  0.32880000000000004           86.992093800666282     
  0.33000000000000002           86.845027631020955     
  0.33119999999999999           86.698210086938118     
  0.33239999999999997           86.551640748099018     
  0.33359999999999995           86.405319194895469     
  0.33479999999999999           86.259245008428650     
  0.33600000000000002           86.113417770507965     
  0.33720000000000000           85.967837063649753     
  0.33839999999999998           85.822502471076149     
  0.33959999999999996           85.677413576713860     
  0.34079999999999999           85.532569965193019     
  0.34200000000000003           85.387971221846001     
  0.34320000000000001           85.243616932706146     
  0.34439999999999998           85.099506684506650     
  0.34559999999999996           84.955640064679386     
  0.34680000000000000           84.812016661353681     
  0.34799999999999998           84.668636063355180     
  0.34920000000000001           84.525497860204595     
  0.35039999999999999           84.382601642116668     
  0.35159999999999997           84.239946999998850     
  0.35280000000000000           84.097533525450174     
  0.35399999999999998           83.955360810760183     
  0.35520000000000002           83.813428448907587     
  0.35639999999999999           83.671736033559256     
  0.35759999999999997           83.530283159069000     
  0.35880000000000001           83.389069420476332     
  0.35999999999999999           83.248094413505484     
  0.36119999999999997           83.107357734564047     
  0.36240000000000000           82.966858980741961     
  0.36359999999999998           82.826597749810318     
  0.36480000000000001           82.686573640220175     
  0.36599999999999999           82.546786251101466     
  0.36719999999999997           82.407235182261829     
  0.36839999999999995           82.267920034185394     
  0.36959999999999998           82.128840408031792     
  0.37080000000000002           81.989995905634842     
  0.37200000000000000           81.851386129501520     
  0.37319999999999998           81.713010682810818     
  0.37439999999999996           81.574869169412537     
  0.37559999999999999           81.436961193826207     
  0.37680000000000002           81.299286361239965     
  0.37800000000000000           81.161844277509417     
  0.37919999999999998           81.024634549156460     
  0.38039999999999996           80.887656783368200     
  0.38159999999999994           80.750910587995847     
  0.38280000000000003           80.614395571553516     
  0.38400000000000001           80.478111343217222     
  0.38519999999999999           80.342057512823644     
  0.38639999999999997           80.206233690869084     
  0.38759999999999994           80.070639488508320     
  0.38880000000000003           79.935274517553466     
  0.39000000000000001           79.800138390472981     
  0.39119999999999999           79.665230720390383     
  0.39239999999999997           79.530551121083278     
  0.39359999999999995           79.396099206982200     
  0.39479999999999998           79.261874593169495     
  0.39600000000000002           79.127876895378279     
  0.39720000000000000           78.994105729991261     
  0.39839999999999998           78.860560714039721     
  0.39959999999999996           78.727241465202312     
  0.40079999999999999           78.594147601804096     
  0.40200000000000002           78.461278742815338     
  0.40320000000000000           78.328634507850467     
  0.40439999999999998           78.196214517167007     
  0.40559999999999996           78.064018391664433     
  0.40679999999999999           77.932045752883127     
  0.40799999999999997           77.800296223003258     
  0.40920000000000001           77.668769424843788     
  0.41039999999999999           77.537464981861277     
  0.41159999999999997           77.406382518148888     
  0.41280000000000000           77.275521658435224     
  0.41399999999999998           77.144882028083401     
  0.41520000000000001           77.014463253089787     
  0.41639999999999999           76.884264960083101     
  0.41759999999999997           76.754286776323255     
  0.41880000000000001           76.624528329700297     
  0.41999999999999998           76.494989248733333     
  0.42119999999999996           76.365669162569517     
  0.42240000000000000           76.236567700982945     
  0.42359999999999998           76.107684494373601     
  0.42480000000000001           75.979019173766304     
  0.42599999999999999           75.850571370809632     
  0.42719999999999997           75.722340717774941     
  0.42840000000000000           75.594326847555180     
  0.42959999999999998           75.466529393664004     
  0.43080000000000002           75.338947990234587     
  0.43200000000000000           75.211582272018603     
  0.43319999999999997           75.084431874385274     
  0.43439999999999995           74.957496433320188     
  0.43559999999999999           74.830775585424377     
  0.43680000000000002           74.704268967913194     
  0.43800000000000000           74.577976218615291     
  0.43919999999999998           74.451896975971650     
  0.44039999999999996           74.326030879034434     
  0.44159999999999999           74.200377567466063     
  0.44280000000000003           74.074936681538091     
  0.44400000000000001           73.949707862130239     
  0.44519999999999998           73.824690750729332     
  0.44639999999999996           73.699884989428327     
  0.44759999999999994           73.575290220925183     
  0.44880000000000003           73.450906088521961     
  0.45000000000000001           73.326732236123718     
  0.45119999999999999           73.202768308237509     
  0.45239999999999997           73.079013949971383     
  0.45359999999999995           72.955468807033370     
  0.45480000000000004           72.832132525730430     
  0.45600000000000002           72.709004752967488     
  0.45720000000000000           72.586085136246382     
  0.45839999999999997           72.463373323664911     
  0.45959999999999995           72.340868963915725     
  0.46079999999999993           72.218571706285431     
  0.46200000000000002           72.096481200653542     
  0.46320000000000000           71.974597097491440     
  0.46439999999999998           71.852919047861448     
  0.46559999999999996           71.731446703415770     
  0.46679999999999994           71.610179716395521     
  0.46800000000000003           71.489117739629705     
  0.46920000000000001           71.368260426534306     
  0.47039999999999998           71.247607431111163     
  0.47159999999999996           71.127158407947078     
  0.47279999999999994           71.006913012212806     
  0.47399999999999998           70.886870899662043     
  0.47520000000000001           70.767031726630478     
  0.47639999999999999           70.647395150034754     
  0.47759999999999997           70.527960827371544     
  0.47879999999999995           70.408728416716571     
  0.47999999999999998           70.289697576723540     
  0.48119999999999996           70.170867966623291     
  0.48240000000000000           70.052239246222712     
  0.48359999999999997           69.933811075903833     
  0.48479999999999995           69.815583116622832     
  0.48599999999999999           69.697555029909054     
  0.48719999999999997           69.579726477864071     
  0.48840000000000000           69.462097123160689     
  0.48959999999999998           69.344666629041939     
  0.49079999999999996           69.227434659320267     
  0.49199999999999999           69.110400878376339     
  0.49319999999999997           68.993564951158334     
  0.49439999999999995           68.876926543180787     
  0.49559999999999998           68.760485320523699     
  0.49679999999999996           68.644240949831641     
  0.49800000000000000           68.528193098312670     
  0.49919999999999998           68.412341433737524     
  0.50039999999999996           68.296685624438538     
  0.50159999999999993           68.181225339308796     
  0.50279999999999991           68.065960247801129     
  0.50400000000000000           67.950890019927158     
  0.50519999999999998           67.836014326256404     
  0.50639999999999996           67.721332837915313     
  0.50759999999999994           67.606845226586287     
  0.50879999999999992           67.492551164506779     
  0.51000000000000001           67.378450324468375     
  0.51119999999999999           67.264542379815779     
  0.51239999999999997           67.150827004446001     
  0.51360000000000006           67.037303872807286     
  0.51479999999999992           66.923972659898283     
  0.51600000000000001           66.810833041267031     
  0.51719999999999988           66.697884693010153     
  0.51839999999999997           66.585127291771784     
  0.51960000000000006           66.472560514742739     
  0.52079999999999993           66.360184039659600     
  0.52200000000000002           66.247997544803695     
  0.52319999999999989           66.136000709000299     
  0.52439999999999998           66.024193211617586     
  0.52560000000000007           65.912574732565844     
  0.52679999999999993           65.801144952296482     
  0.52800000000000002           65.689903551801095     
  0.52919999999999989           65.578850212610632     
  0.53039999999999998           65.467984616794368     
  0.53160000000000007           65.357306446959129     
  0.53279999999999994           65.246815386248329     
  0.53400000000000003           65.136511118340934     
  0.53519999999999990           65.026393327450833     
  0.53639999999999999           64.916461698325634     
  0.53760000000000008           64.806715916245963     
  0.53879999999999995           64.697155667024532     
  0.54000000000000004           64.587780637005139     
  0.54119999999999990           64.478590513061903     
  0.54239999999999999           64.369584982598226     
  0.54359999999999997           64.260763733546071     
  0.54479999999999995           64.152126454364904     
  0.54600000000000004           64.043672834040905     
  0.54719999999999991           63.935402562086054     
  0.54840000000000000           63.827315328537161     
  0.54959999999999998           63.719410823955144     
  0.55079999999999996           63.611688739424004     
  0.55200000000000005           63.504148766549960     
  0.55319999999999991           63.396790597460679     
  0.55440000000000000           63.289613924804186     
  0.55559999999999998           63.182618441748204     
  0.55679999999999996           63.075803841979152     
  0.55800000000000005           62.969169819701250     
  0.55919999999999992           62.862716069635766     
  0.56040000000000001           62.756442287019972     
  0.56159999999999999           62.650348167606452     
  0.56279999999999997           62.544433407662062     
  0.56399999999999995           62.438697703967208     
  0.56519999999999992           62.333140753814853     
  0.56640000000000001           62.227762255009736     
  0.56759999999999999           62.122561905867499     
  0.56879999999999997           62.017539405213746     
  0.56999999999999995           61.912694452383299     
  0.57119999999999993           61.808026747219216     
  0.57240000000000002           61.703535990072020     
  0.57360000000000000           61.599221881798854     
  0.57479999999999998           61.495084123762496     
  0.57599999999999996           61.391122417830665     
  0.57719999999999994           61.287336466375045     
  0.57840000000000003           61.183725972270508     
  0.57960000000000000           61.080290638894233     
  0.58079999999999998           60.977030170124870     
  0.58199999999999996           60.873944270341639     
  0.58319999999999994           60.771032644423585     
  0.58440000000000003           60.668294997748625     
  0.58560000000000001           60.565731036192794     
  0.58679999999999999           60.463340466129353     
  0.58799999999999997           60.361122994427951     
  0.58919999999999995           60.259078328453796     
  0.59039999999999992           60.157206176066808     
  0.59160000000000001           60.055506245620812     
  0.59279999999999999           59.953978245962666     
  0.59399999999999997           59.852621886431457     
  0.59519999999999995           59.751436876857625     
  0.59639999999999993           59.650422927562182     
  0.59760000000000002           59.549579749355857     
  0.59880000000000000           59.448907053538306     
  0.59999999999999998           59.348404551897183     
  0.60119999999999996           59.248071956707456     
  0.60239999999999994           59.147908980730470     
  0.60360000000000003           59.047915337213162     
  0.60480000000000000           58.948090739887284     
  0.60599999999999998           58.848434902968521     
  0.60719999999999996           58.748947541155694     
  0.60839999999999994           58.649628369629944     
  0.60960000000000003           58.550477104053918     
  0.61080000000000001           58.451493460570966     
  0.61199999999999999           58.352677155804322     
  0.61319999999999997           58.254027906856258     
  0.61439999999999995           58.155545431307338     
  0.61560000000000004           58.057229447215533     
  0.61679999999999990           57.959079673115532     
  0.61799999999999999           57.861095828017767     
  0.61919999999999997           57.763277631407767     
  0.62039999999999995           57.665624803245287     
  0.62160000000000004           57.568137063963469     
  0.62279999999999991           57.470814134468128     
  0.62400000000000000           57.373655736136868     
  0.62519999999999998           57.276661590818350     
  0.62639999999999996           57.179831420831462     
  0.62760000000000005           57.083164948964516     
  0.62879999999999991           56.986661898474516     
  0.63000000000000000           56.890321993086253     
  0.63119999999999998           56.794144956991637     
  0.63239999999999996           56.698130514848820     
  0.63360000000000005           56.602278391781432     
  0.63479999999999992           56.506588313377847     
  0.63600000000000001           56.411060005690295     
  0.63719999999999988           56.315693195234168     
  0.63839999999999997           56.220487608987177     
  0.63960000000000006           56.125442974388619     
  0.64079999999999993           56.030559019338590     
  0.64200000000000002           55.935835472197134     
  0.64319999999999988           55.841272061783570     
  0.64439999999999997           55.746868517375646     
  0.64560000000000006           55.652624568708774     
  0.64679999999999993           55.558539945975319     
  0.64800000000000002           55.464614379823693     
  0.64919999999999989           55.370847601357752     
  0.65039999999999998           55.277239342135857     
  0.65160000000000007           55.183789334170250     
  0.65279999999999994           55.090497309926221     
  0.65400000000000003           54.997363002321286     
  0.65519999999999989           54.904386144724569     
  0.65639999999999998           54.811566470955874     
  0.65760000000000007           54.718903715285045     
  0.65879999999999994           54.626397612431170     
  0.66000000000000003           54.534047897561763     
  0.66119999999999990           54.441854306292115     
  0.66239999999999999           54.349816574684432     
  0.66359999999999997           54.257934439247144     
  0.66479999999999995           54.166207636934153     
  0.66600000000000004           54.074635905143992     
  0.66719999999999990           53.983218981719240     
  0.66839999999999999           53.891956604945555     
  0.66959999999999997           53.800848513551152     
  0.67079999999999995           53.709894446705867     
  0.67200000000000004           53.619094144020515     
  0.67319999999999991           53.528447345546134     
  0.67440000000000000           53.437953791773182     
  0.67559999999999998           53.347613223630880     
  0.67679999999999996           53.257425382486403     
  0.67800000000000005           53.167390010144146     
  0.67919999999999991           53.077506848845061     
  0.68040000000000000           52.987775641265763     
  0.68159999999999998           52.898196130518009     
  0.68279999999999996           52.808768060147735     
  0.68400000000000005           52.719491174134497     
  0.68519999999999992           52.630365216890645     
  0.68640000000000001           52.541389933260625     
  0.68759999999999999           52.452565068520244     
  0.68879999999999997           52.363890368375934     
  0.68999999999999995           52.275365578964013     
  0.69119999999999993           52.186990446850018     
  0.69240000000000002           52.098764719027862     
  0.69359999999999999           52.010688142919257     
  0.69479999999999997           51.922760466372878     
  0.69599999999999995           51.834981437663686     
  0.69719999999999993           51.747350805492196     
  0.69840000000000002           51.659868318983747     
  0.69960000000000000           51.572533727687848     
  0.70079999999999998           51.485346781577377     
  0.70199999999999996           51.398307231047895     
  0.70319999999999994           51.311414826916952     
  0.70440000000000003           51.224669320423345     
  0.70560000000000000           51.138070463226441     
  0.70679999999999998           51.051618007405423     
  0.70799999999999996           50.965311705458603     
  0.70919999999999994           50.879151310302731     
  0.71040000000000003           50.793136575272236     
  0.71160000000000001           50.707267254118591     
  0.71279999999999999           50.621543101009536     
  0.71399999999999997           50.535963870528413     
  0.71519999999999995           50.450529317673499     
  0.71639999999999993           50.365239197857193     
  0.71760000000000002           50.280093266905425     
  0.71879999999999999           50.195091281056946     
  0.71999999999999997           50.110232996962552     
  0.72119999999999995           50.025518171684467     
  0.72239999999999993           49.940946562695594     
  0.72360000000000002           49.856517927878869     
  0.72480000000000000           49.772232025526542     
  0.72599999999999998           49.688088614339470     
  0.72719999999999996           49.604087453426480     
  0.72839999999999994           49.520228302303579     
  0.72960000000000003           49.436510920893376     
  0.73080000000000001           49.352935069524335     
  0.73199999999999998           49.269500508930108     
  0.73319999999999996           49.186207000248842     
  0.73439999999999994           49.103054305022496     
  0.73560000000000003           49.020042185196125     
  0.73679999999999990           48.937170403117307     
  0.73799999999999999           48.854438721535310     
  0.73919999999999997           48.771846903600540     
  0.74039999999999995           48.689394712863795     
  0.74160000000000004           48.607081913275600     
  0.74279999999999990           48.524908269185580     
  0.74399999999999999           48.442873545341669     
  0.74519999999999997           48.360977506889583     
  0.74639999999999995           48.279219919372039     
  0.74760000000000004           48.197600548728111     
  0.74879999999999991           48.116119161292616     
  0.75000000000000000           48.034775523795346     
  0.75119999999999998           47.953569403360483     
  0.75239999999999996           47.872500567505881     
  0.75360000000000005           47.791568784142434     
  0.75479999999999992           47.710773821573426     
  0.75600000000000001           47.630115448493768     
  0.75719999999999998           47.549593433989493     
  0.75839999999999996           47.469207547536939     
  0.75960000000000005           47.388957559002193     
  0.76079999999999992           47.308843238640435     
  0.76200000000000001           47.228864357095162     
  0.76319999999999988           47.149020685397687     
  0.76439999999999997           47.069311994966348     
  0.76560000000000006           46.989738057605983     
  0.76679999999999993           46.910298645507176     
  0.76800000000000002           46.830993531245610     
  0.76919999999999988           46.751822487781517     
  0.77039999999999997           46.672785288458876     
  0.77160000000000006           46.593881707004890     
  0.77279999999999993           46.515111517529299     
  0.77400000000000002           46.436474494523686     
  0.77519999999999989           46.357970412860929     
  0.77639999999999998           46.279599047794420     
  0.77760000000000007           46.201360174957571     
  0.77879999999999994           46.123253570363083     
  0.78000000000000003           46.045279010402304     
  0.78119999999999989           45.967436271844633     
  0.78239999999999998           45.889725131836798     
  0.78360000000000007           45.812145367902382     
  0.78479999999999994           45.734696757940995     
  0.78600000000000003           45.657379080227727     
  0.78719999999999990           45.580192113412558     
  0.78839999999999999           45.503135636519637     
  0.78959999999999997           45.426209428946692     
  0.79079999999999995           45.349413270464396     
  0.79200000000000004           45.272746941215750     
  0.79319999999999991           45.196210221715440     
  0.79440000000000000           45.119802892849151     
  0.79559999999999997           45.043524735873092     
  0.79679999999999995           44.967375532413193     
  0.79800000000000004           44.891355064464577     
  0.79919999999999991           44.815463114390965     
  0.80040000000000000           44.739699464923945     
  0.80159999999999998           44.664063899162457     
  0.80279999999999996           44.588556200572107     
  0.80400000000000005           44.513176152984563     
  0.80519999999999992           44.437923540596962     
  0.80640000000000001           44.362798147971240     
  0.80759999999999998           44.287799760033593     
  0.80879999999999996           44.212928162073752     
  0.81000000000000005           44.138183139744470     
  0.81119999999999992           44.063564479060894     
  0.81240000000000001           43.989071966399855     
  0.81359999999999999           43.914705388499392     
  0.81479999999999997           43.840464532458057     
  0.81599999999999995           43.766349185734313     
  0.81719999999999993           43.692359136145960     
  0.81840000000000002           43.618494171869486     
  0.81960000000000000           43.544754081439507     
  0.82079999999999997           43.471138653748113     
  0.82199999999999995           43.397647678044308     
  0.82319999999999993           43.324280943933367     
  0.82440000000000002           43.251038241376243     
  0.82560000000000000           43.177919360689010     
  0.82679999999999998           43.104924092542213     
  0.82799999999999996           43.032052227960257     
  0.82919999999999994           42.959303558320855     
  0.83040000000000003           42.886677875354415     
  0.83160000000000001           42.814174971143444     
  0.83279999999999998           42.741794638121924     
  0.83399999999999996           42.669536669074759     
  0.83519999999999994           42.597400857137174     
  0.83640000000000003           42.525386995794079     
  0.83760000000000001           42.453494878879553     
  0.83879999999999999           42.381724300576181     
  0.83999999999999997           42.310075055414515     
  0.84119999999999995           42.238546938272464     
  0.84239999999999993           42.167139744374708     
  0.84360000000000002           42.095853269292093     
  0.84480000000000000           42.024687308941111     
  0.84599999999999997           41.953641659583248     
  0.84719999999999995           41.882716117824401     
  0.84839999999999993           41.811910480614372     
  0.84960000000000002           41.741224545246169     
  0.85080000000000000           41.670658109355557     
  0.85199999999999998           41.600210970920351     
  0.85319999999999996           41.529882928259944     
  0.85439999999999994           41.459673780034677     
  0.85560000000000003           41.389583325245212     
  0.85680000000000001           41.319611363232113     
  0.85799999999999998           41.249757693675107     
  0.85919999999999996           41.180022116592575     
  0.86039999999999994           41.110404432340999     
  0.86160000000000003           41.040904441614387     
  0.86279999999999990           40.971521945443669     
  0.86399999999999999           40.902256745196112     
  0.86519999999999997           40.833108642574864     
  0.86639999999999995           40.764077439618241     
  0.86760000000000004           40.695162938699248     
  0.86879999999999991           40.626364942525008     
  0.87000000000000000           40.557683254136158     
  0.87119999999999997           40.489117676906318     
  0.87239999999999995           40.420668014541526     
  0.87360000000000004           40.352334071079660     
  0.87479999999999991           40.284115650889888     
  0.87600000000000000           40.216012558672077     
  0.87719999999999998           40.148024599456321     
  0.87839999999999996           40.080151578602290     
  0.87960000000000005           40.012393301798696     
  0.88079999999999992           39.944749575062765     
  0.88200000000000001           39.877220204739672     
  0.88319999999999999           39.809804997501956     
  0.88439999999999996           39.742503760349017     
  0.88560000000000005           39.675316300606475     
  0.88679999999999992           39.608242425925788     
  0.88800000000000001           39.541281944283483     
  0.88919999999999988           39.474434663980787     
  0.89039999999999997           39.407700393642955     
  0.89160000000000006           39.341078942218829     
  0.89279999999999993           39.274570118980208     
  0.89400000000000002           39.208173733521299     
  0.89519999999999988           39.141889595758272     
  0.89639999999999997           39.075717515928588     
  0.89760000000000006           39.009657304590533     
  0.89879999999999993           38.943708772622692     
  0.90000000000000002           38.877871731223308     
  0.90119999999999989           38.812145991909865     
  0.90239999999999998           38.746531366518440     
  0.90360000000000007           38.681027667203260     
  0.90479999999999994           38.615634706436097     
  0.90600000000000003           38.550352297005730     
  0.90719999999999990           38.485180252017486     
  0.90839999999999999           38.420118384892604     
  0.90960000000000008           38.355166509367741     
  0.91079999999999994           38.290324439494512     
  0.91200000000000003           38.225591989638815     
  0.91319999999999990           38.160968974480419     
  0.91439999999999999           38.096455209012355     
  0.91559999999999997           38.032050508540465     
  0.91679999999999995           37.967754688682795     
  0.91800000000000004           37.903567565369109     
  0.91919999999999991           37.839488954840384     
  0.92040000000000000           37.775518673648200     
  0.92159999999999986           37.711656538654317     
  0.92279999999999995           37.647902367030049     
  0.92400000000000004           37.584255976255875     
  0.92519999999999991           37.520717184120784     
  0.92640000000000000           37.457285808721792     
  0.92759999999999987           37.393961668463469     
  0.92879999999999996           37.330744582057335     
  0.93000000000000005           37.267634368521477     
  0.93119999999999992           37.204630847179878     
  0.93240000000000001           37.141733837661960     
  0.93359999999999987           37.078943159902117     
  0.93479999999999996           37.016258634139135     
  0.93600000000000005           36.953680080915674     
  0.93719999999999992           36.891207321077850     
  0.93840000000000001           36.828840175774566     
  0.93959999999999988           36.766578466457148     
  0.94079999999999997           36.704422014878716     
  0.94199999999999995           36.642370643093784     
  0.94319999999999993           36.580424173457686     
  0.94440000000000002           36.518582428626019     
  0.94559999999999989           36.456845231554283     
  0.94679999999999997           36.395212405497197     
  0.94799999999999995           36.333683774008342     
  0.94919999999999993           36.272259160939569     
  0.95040000000000002           36.210938390440518     
  0.95159999999999989           36.149721286958133     
  0.95279999999999998           36.088607675236098     
  0.95399999999999996           36.027597380314461     
  0.95519999999999994           35.966690227528964     
  0.95640000000000003           35.905886042510680     
  0.95759999999999990           35.845184651185470     
  0.95879999999999999           35.784585879773452     
  0.95999999999999996           35.724089554788534     
  0.96119999999999994           35.663695503037943     
  0.96239999999999992           35.603403551621682     
  0.96359999999999990           35.543213527932025     
  0.96479999999999999           35.483125259653107     
  0.96599999999999997           35.423138574760330     
  0.96719999999999995           35.363253301519954     
  0.96839999999999993           35.303469268488520     
  0.96959999999999991           35.243786304512447     
  0.97080000000000000           35.184204238727474     
  0.97199999999999998           35.124722900558218     
  0.97319999999999995           35.065342119717663     
  0.97439999999999993           35.006061726206653     
  0.97559999999999991           34.946881550313442     
  0.97680000000000000           34.887801422613208     
  0.97799999999999998           34.828821173967540     
  0.97919999999999996           34.769940635523952     
  0.98039999999999994           34.711159638715444     
  0.98159999999999992           34.652478015259980     
  0.98280000000000001           34.593895597159992     
  0.98399999999999999           34.535412216701957     
  0.98519999999999996           34.477027706455878     
  0.98639999999999994           34.418741899274792     
  0.98759999999999992           34.360554628294324     
  0.98879999999999990           34.302465726932184     
  0.98999999999999999           34.244475028887720     
  0.99119999999999997           34.186582368141394     
  0.99239999999999995           34.128787578954380     
  0.99359999999999993           34.071090495867985     
  0.99479999999999991           34.013490953703283     
  0.99600000000000000           33.955988787560578     
  0.99719999999999998           33.898583832818950     
  0.99839999999999995           33.841275925135783     
  0.99959999999999993           33.784064900446289     
   1.0007999999999999           33.726950594963050     
   1.0020000000000000           33.669932845175524     
   1.0031999999999999           33.613011487849633     
   1.0044000000000000           33.556186360027212     
   1.0055999999999998           33.499457299025622     
   1.0067999999999999           33.442824142437225     
   1.0080000000000000           33.386286728128965     
   1.0091999999999999           33.329844894241887     
   1.0104000000000000           33.273498479190636     
   1.0115999999999998           33.217247321663066     
   1.0127999999999999           33.161091260619720     
   1.0140000000000000           33.105030135293383     
   1.0151999999999999           33.049063785188665     
   1.0164000000000000           32.993192050081454     
   1.0175999999999998           32.937414770018556     
   1.0187999999999999           32.881731785317136     
   1.0200000000000000           32.826142936564359     
   1.0211999999999999           32.770648064616893     
   1.0224000000000000           32.715247010600386     
   1.0235999999999998           32.659939615909160     
   1.0247999999999999           32.604725722205607     
   1.0260000000000000           32.549605171419806     
   1.0272000000000001           32.494577805749110     
   1.0283999999999998           32.439643467657618     
   1.0295999999999998           32.384801999875720     
   1.0307999999999999           32.330053245399732     
   1.0320000000000000           32.275397047491381     
   1.0332000000000001           32.220833249677369     
   1.0343999999999998           32.166361695748940     
   1.0355999999999999           32.111982229761374     
   1.0367999999999999           32.057694696033629     
   1.0380000000000000           32.003498939147853     
   1.0392000000000001           31.949394803948916     
   1.0403999999999998           31.895382135544033     
   1.0415999999999999           31.841460779302189     
   1.0427999999999999           31.787630580853875     
   1.0440000000000000           31.733891386090498     
   1.0452000000000001           31.680243041164033     
   1.0463999999999998           31.626685392486532     
   1.0475999999999999           31.573218286729670     
   1.0488000000000000           31.519841570824362     
   1.0500000000000000           31.466555091960306     
   1.0512000000000001           31.413358697585512     
   1.0523999999999998           31.360252235405934     
   1.0535999999999999           31.307235553384906     
   1.0548000000000000           31.254308499742869     
   1.0560000000000000           31.201470922956823     
   1.0572000000000001           31.148722671759948     
   1.0583999999999998           31.096063595141146     
   1.0595999999999999           31.043493542344571     
   1.0608000000000000           30.991012362869292     
   1.0620000000000001           30.938619906468805     
   1.0632000000000001           30.886316023150581     
   1.0643999999999998           30.834100563175713     
   1.0655999999999999           30.781973377058353     
   1.0668000000000000           30.729934315565455     
   1.0680000000000001           30.677983229716215     
   1.0692000000000002           30.626119970781716     
   1.0703999999999998           30.574344390284470     
   1.0715999999999999           30.522656339997969     
   1.0728000000000000           30.471055671946335     
   1.0740000000000001           30.419542238403835     
   1.0752000000000002           30.368115891894487     
   1.0763999999999998           30.316776485191628     
   1.0775999999999999           30.265523871317463     
   1.0788000000000000           30.214357903542691     
   1.0800000000000001           30.163278435386083     
   1.0811999999999999           30.112285320614042     
   1.0823999999999998           30.061378413240170     
   1.0835999999999999           30.010557567524867     
   1.0848000000000000           29.959822637974945     
   1.0860000000000001           29.909173479343156     
   1.0871999999999999           29.858609946627833     
   1.0883999999999998           29.808131895072410     
   1.0895999999999999           29.757739180165050     
   1.0908000000000000           29.707431657638224     
   1.0920000000000001           29.657209183468325     
   1.0931999999999999           29.607071613875195     
   1.0943999999999998           29.557018805321757     
   1.0955999999999999           29.507050614513581     
   1.0968000000000000           29.457166898398516     
   1.0980000000000001           29.407367514166214     
   1.0992000000000000           29.357652319247805     
   1.1003999999999998           29.308021171315399     
   1.1015999999999999           29.258473928281720     
   1.1028000000000000           29.209010448299729     
   1.1040000000000001           29.159630589762177     
   1.1052000000000000           29.110334211301218     
   1.1063999999999998           29.061121171787985     
   1.1075999999999999           29.011991330332187     
   1.1088000000000000           28.962944546281758     
   1.1100000000000001           28.913980679222380     
   1.1112000000000000           28.865099588977152     
   1.1123999999999998           28.816301135606103     
   1.1135999999999999           28.767585179405863     
   1.1148000000000000           28.718951580909252     
   1.1160000000000001           28.670400200884849     
   1.1172000000000000           28.621930900336636     
   1.1183999999999998           28.573543540503561     
   1.1195999999999999           28.525237982859146     
   1.1208000000000000           28.477014089111123     
   1.1220000000000001           28.428871721201016     
   1.1232000000000000           28.380810741303748     
   1.1243999999999998           28.332831011827224     
   1.1255999999999999           28.284932395411960     
   1.1268000000000000           28.237114754930719     
   1.1279999999999999           28.189377953488066     
   1.1292000000000000           28.141721854419981     
   1.1303999999999998           28.094146321293522     
   1.1315999999999999           28.046651217906359     
   1.1328000000000000           27.999236408286436     
   1.1339999999999999           27.951901756691594     
   1.1352000000000000           27.904647127609103     
   1.1363999999999999           27.857472385755376     
   1.1375999999999999           27.810377396075484     
   1.1388000000000000           27.763362023742868     
   1.1399999999999999           27.716426134158876     
   1.1412000000000000           27.669569592952392     
   1.1423999999999999           27.622792265979502     
   1.1435999999999999           27.576094019323033     
   1.1448000000000000           27.529474719292210     
   1.1459999999999999           27.482934232422323     
   1.1472000000000000           27.436472425474228     
   1.1483999999999999           27.390089165434073     
   1.1496000000000000           27.343784319512842     
   1.1508000000000000           27.297557755146041     
   1.1519999999999999           27.251409339993280     
   1.1532000000000000           27.205338941937864     
   1.1543999999999999           27.159346429086511     
   1.1556000000000000           27.113431669768854     
   1.1568000000000001           27.067594532537157     
   1.1579999999999999           27.021834886165905     
   1.1592000000000000           26.976152599651414     
   1.1603999999999999           26.930547542211492     
   1.1616000000000000           26.885019583285018     
   1.1628000000000001           26.839568592531602     
   1.1639999999999999           26.794194439831234     
   1.1652000000000000           26.748896995283825     
   1.1663999999999999           26.703676129208940     
   1.1676000000000000           26.658531712145344     
   1.1688000000000001           26.613463614850691     
   1.1699999999999999           26.568471708301118     
   1.1712000000000000           26.523555863690866     
   1.1723999999999999           26.478715952431976     
   1.1736000000000000           26.433951846153839     
   1.1747999999999998           26.389263416702871     
   1.1759999999999999           26.344650536142144     
   1.1772000000000000           26.300113076751025     
   1.1783999999999999           26.255650911024802     
   1.1796000000000000           26.211263911674283     
   1.1807999999999998           26.166951951625531     
   1.1819999999999999           26.122714904019372     
   1.1832000000000000           26.078552642211136     
   1.1843999999999999           26.034465039770247     
   1.1856000000000000           25.990451970479864     
   1.1867999999999999           25.946513308336520     
   1.1879999999999999           25.902648927549770     
   1.1892000000000000           25.858858702541834     
   1.1903999999999999           25.815142507947225     
   1.1916000000000000           25.771500218612374     
   1.1927999999999999           25.727931709595342     
   1.1940000000000000           25.684436856165362     
   1.1952000000000000           25.641015533802555     
   1.1963999999999999           25.597667618197566     
   1.1976000000000000           25.554392985251162     
   1.1987999999999999           25.511191511073939     
   1.2000000000000000           25.468063071985899     
